<style>
.katex {
	font-size: 1em !important;
}
</style>


# Calibration Output

Fit to $B$:
```
Best fit parameters (manual):
[[15.38259852 16.32376991 22.79136017  0.69473671]]
Reduced χ^2:
[[9.77308768]]
Hessian:
[[ 3.23798743e-02 -5.78427086e-03 -1.05825219e-03 -1.77580886e-01]
 [-5.78427086e-03  1.04751312e-03  1.85289701e-04  3.12280225e-02]
 [-1.05825219e-03  1.85289701e-04  4.23348025e-05  5.72218467e-03]
 [-1.77580886e-01  3.12280225e-02  5.72218467e-03  1.00000000e+00]]
Covariance Matrix:
[[2.02545829e-03 6.26923449e-03 4.57864379e-03 1.37707037e-04]
 [6.26923449e-03 1.97238413e-02 1.39523498e-02 4.17521734e-04]
 [4.57864379e-03 1.39523498e-02 1.27571234e-02 3.04376715e-04]
 [1.37707037e-04 4.17521734e-04 3.04376715e-04 9.69569673e-06]]
Conditioned Hessian:
[[ 3.23798743e-02 -5.78427086e-03 -1.05825219e-03 -1.77580886e-01]
 [-5.78427086e-03  1.04751312e-03  1.85289701e-04  3.12280225e-02]
 [-1.05825219e-03  1.85289701e-04  4.23348025e-05  5.72218467e-03]
 [-1.77580886e-01  3.12280225e-02  5.72218467e-03  1.00000000e+00]]
Conditioned Hessian Eigenvalues:
[1.03257145e+00 8.86171292e-04 6.63717708e-07 1.14360130e-05]
```

Since the largest eigenvalue for the conditioned Hessian is $\sim 1$, and the next largest is four orders of magnitude less, the effective number of parameters is one, while the other three are negligible, comparatively.

Fit to $B/A$:
```
Best fit parameters (manual):
[[14.99186197 15.40430709 21.08623433  0.66223486]]
Reduced χ^2:
[[0.00171927]]
Hessian:
[[ 4.31628446e-02 -8.95133651e-03 -1.23286268e-03 -1.99202518e-01]
 [-8.95133651e-03  1.95020016e-03  2.50853986e-04  3.89161530e-02]
 [-1.23286268e-03  2.50853986e-04  5.21592904e-05  5.46967341e-03]
 [-1.99202518e-01  3.89161530e-02  5.46967341e-03  1.00000000e+00]]
Covariance Matrix:
[[1.15748945e-03 2.97892312e-03 2.36811060e-03 1.01693794e-04]
 [2.97892312e-03 7.98472891e-03 5.55109757e-03 2.52311365e-04]
 [2.36811060e-03 5.55109757e-03 1.10776908e-02 1.95114882e-04]
 [1.01693794e-04 2.52311365e-04 1.95114882e-04 9.48943640e-06]]
Conditioned Hessian:
[[ 4.31628446e-02 -8.95133651e-03 -1.23286268e-03 -1.99202518e-01]
 [-8.95133651e-03  1.95020016e-03  2.50853986e-04  3.89161530e-02]
 [-1.23286268e-03  2.50853986e-04  5.21592904e-05  5.46967341e-03]
 [-1.99202518e-01  3.89161530e-02  5.46967341e-03  1.00000000e+00]]
Conditioned Hessian Eigenvalues:
[1.04137805e+00 3.75030127e-03 7.27888323e-06 2.95727931e-05]
```

The result from fitting to $B/A$, compared to $B$ is similar, but not quite the same.
The difference is most obvious in the reduced $\chi^2$ value.
